1125505
1208586
1588809
2029723
2352986
2419464
2671604
2756846
2961243
3007585
3082137
3190461
3322144
3449233
3515506
3566449
3858891
3888614
3941358
3959823
3980079
4020830
4239636
5045355
6115230
7339173
7504392
8387093
8409791
8991934
9956994
0010050
0010052
0010057
0010059
0010054
0010062
0010069
0010109
0010110
0010107
0010080
0010090
0010092
0010100
0010102
0010108
0010114
0010116
0010120
0010122
0010123
0010084
0010087
7390867
2907951
0016058
0016060
0016089
0016078
0016073
0016086
0016072
0016088
0016075
0016080
0016087
0016084
0016082
0016067
0016063
0016070
0016061
0016055
0016059
0016076
0016069
0016066
0016062
0016077
0016064
0016056
0016068
0016074
0016085
0016071
0016083
0016079
0016065
0016081
0016057
0016054
0015005
0015006
0015007
0015052
0015057
0027000
0027003
0027005
0027007
0027010
0027011
0027015
0027016
0027018
0027021
0027022
0027023
0027024
0027025
0027026
0027037
0027040
0027042
0021016
0025002
