2026113
1623716
1594156
2917777
1018959
3699991
4104523
2640795
1019436
1312097
1411495
1538046
1585708
2074737
2574674
3048588
3108222
3304956
3808273
4134561
4285031
4919979
7446626
1127915
1187766
1471736
1854959
2030383
2260910
2570769
2907383
2983819
2996531
3349423
3650634
3662296
4187857
4827048
8692452
0010004
0010009
0010012
0010021
0010022
0010023
0010030
0010038
0010039
0010051
0010053
0010056
0010058
0010048
0010047
0010063
0010064
0010065
0010066
0010067
0010068
0010112
0010019
0010079
0010008
0010089
0010045
0010093
0010094
0010095
0010096
0010097
0010101
0010002
0010113
0010115
0010118
0010121
0010076
0010081
0010083
0010086
0010029
0010017
0010071
0010073
0010104
0010088
0010124
1056121
1113498
1133221
1186237
1879542
2081754
2367157
2408774
2427408
2535087
2697768
2910270
3004580
3212536
3269608
3967265
4091983
4334113
5150328
7135128
8328877
8838009
9783279
3655623
3248920
2659769
9640133
4055710
1050975
1809715
1916266
1117299
2296326
7407032
3157406
3994098
3561920
9578631
2377207
7011503
8278680
4075719
2737106
1159908
7689953
2884672
2601519
2529026
1628610
3856956
3194757
2141250
3446674
7253183
5993008
1094669
2950754
2207418
2919220
3827352
3205761
1050345
1132854
1399863
1404738
1411536
1662160
1771270
1843546
2107404
2208591
2228148
2268253
2276801
2493190
2524687
2780647
2940712
2984158
3224401
3277313
3291029
3385520
3473830
3624598
3672300
3803759
3930512
4006710
4048810
5575344
5669389
6477085
7994085
8191384
0016046
0016048
0016029
0016041
0016024
0016043
0016034
0016026
0016037
0016053
0016050
0016039
0016031
0016036
0016022
0016044
0016038
0016042
0016049
0016045
0016047
0016052
0016027
0016018
0016025
0016033
0016028
0016030
0016021
0016020
0016051
0016040
0016019
0016032
0016035
0016023
0015027
0015030
0015031
0015036
0015037
0015038
0015039
0015040
0015041
0015042
0015043
0015045
0015047
0015053
0015054
0015058
0015061
0015062
1038415
1201251
2051479
2101067
2488729
2599965
2628237
3407871
3504058
3559087
3834703
7591533
8463326
9190596
0027004
0027012
0027028
0027034
0021010
0021014
0021019
0021020
0021021
0021034
0021035
0021036
0021037
0021041
0023017
0025000
0025001
0025003
0025008
0025009
0025012
0025013
0025014
